   0.00100
   0.01000
   1.00000
     433
 0.002 0.47172670 0.11653610 0.71300869 0 0 0
 0.002 0.63865539 0.22242161 0.18124617 0 0 0
 0.002 0.99855563 0.04666413 0.00356079 0 0 0
 0.002 0.43494657 0.83143802 0.21697227 0 0 0
 0.002 0.08754124 0.03328005 0.29859498 0 0 0
 0.002 0.64524862 0.37092073 0.36765159 0 0 0
 0.002 0.77346650 0.37255644 0.43470276 0 0 0
 0.002 0.78804231 0.42632636 0.12846844 0 0 0
 0.002 0.34868925 0.49527388 0.34585852 0 0 0
 0.002 0.78063429 0.07270122 0.02232760 0 0 0
 0.002 0.77299268 0.32168940 0.45115572 0 0 0
 0.002 0.23784480 0.62012532 0.43373064 0 0 0
 0.002 0.45148441 0.87556873 0.02798466 0 0 0
 0.002 0.08884335 0.75449191 0.07937164 0 0 0
 0.002 0.86568471 0.07302528 0.24639369 0 0 0
 0.002 0.58358406 0.53786469 0.25660726 0 0 0
 0.002 0.85152704 0.18848020 0.33752801 0 0 0
 0.002 0.91100504 0.09630166 0.24040750 0 0 0
 0.002 0.46567262 0.52305240 0.02249781 0 0 0
 0.002 0.63560300 0.01510807 0.64177286 0 0 0
 0.002 0.82644170 0.03715716 0.35615954 0 0 0
 0.002 0.38474386 0.13346772 0.68990102 0 0 0
 0.002 0.11156584 0.36315916 0.71680222 0 0 0
 0.002 0.15684003 0.46406383 0.30962856 0 0 0
 0.002 0.95017399 0.20881898 0.06021450 0 0 0
 0.002 0.46430308 0.37164756 0.17847954 0 0 0
 0.002 0.67363727 0.08090994 0.22954396 0 0 0
 0.002 0.12843764 0.30792810 0.89960387 0 0 0
 0.002 0.20740238 0.65671744 0.43899742 0 0 0
 0.002 0.72220921 0.18481644 0.30962981 0 0 0
 0.002 0.81103536 0.45528599 0.17611732 0 0 0
 0.002 0.35240474 0.71717975 0.07822075 0 0 0
 0.002 0.42917025 0.48483412 0.70510836 0 0 0
 0.002 0.01300021 0.41873330 0.42320983 0 0 0
 0.002 0.54197199 0.54733125 0.10547443 0 0 0
 0.002 0.95080726 0.30884847 0.00134643 0 0 0
 0.002 0.76079410 0.15106874 0.52999705 0 0 0
 0.002 0.60994003 0.29708033 0.27520270 0 0 0
 0.002 0.78916525 0.56573168 0.16327311 0 0 0
 0.002 0.21359299 0.16494709 0.86169440 0 0 0
 0.002 0.54095199 0.30510920 0.13623364 0 0 0
 0.002 0.04849208 0.10317102 0.41702298 0 0 0
 0.002 0.91861281 0.33639407 0.12016927 0 0 0
 0.002 0.82722457 0.54658074 0.09864226 0 0 0
 0.002 0.38201827 0.20194049 0.25508270 0 0 0
 0.002 0.44051859 0.08673175 0.27239218 0 0 0
 0.002 0.99900548 0.02608022 0.01935329 0 0 0
 0.002 0.38063078 0.11974762 0.46171272 0 0 0
 0.002 0.66995715 0.16226733 0.31946450 0 0 0
 0.002 0.96592340 0.10703919 0.14747302 0 0 0
 0.002 0.47125728 0.33379516 0.22442453 0 0 0
 0.002 0.43902943 0.46961343 0.07201119 0 0 0
 0.002 0.12413093 0.02138040 0.46587766 0 0 0
 0.002 0.15102357 0.65286866 0.71336982 0 0 0
 0.002 0.11523602 0.38643524 0.78384888 0 0 0
 0.002 0.58519596 0.07730905 0.10193713 0 0 0
 0.002 0.27372521 0.29529334 0.62583841 0 0 0
 0.002 0.75909588 0.58420336 0.23389141 0 0 0
 0.002 0.93173957 0.05355081 0.35186855 0 0 0
 0.002 0.16998575 0.53311679 0.15554636 0 0 0
 0.002 0.41080688 0.90043200 0.09209372 0 0 0
 0.002 0.90164854 0.09331411 0.38369695 0 0 0
 0.002 0.62967435 0.04283020 0.75444765 0 0 0
 0.002 0.38770158 0.09471642 0.59409518 0 0 0
 0.002 0.13937984 0.90521060 0.10583272 0 0 0
 0.002 0.70678402 0.52336072 0.22325499 0 0 0
 0.002 0.69837229 0.64798549 0.11648983 0 0 0
 0.002 0.11904886 0.44049282 0.62131878 0 0 0
 0.002 0.74530458 0.63655132 0.01916725 0 0 0
 0.002 0.95658335 0.05156059 0.20398796 0 0 0
 0.002 0.73721132 0.61219938 0.12173797 0 0 0
 0.002 0.25928032 0.30533318 0.31801814 0 0 0
 0.002 0.01728812 0.69760380 0.15057139 0 0 0
 0.002 0.26544700 0.34649525 0.04708821 0 0 0
 0.002 0.70838660 0.00840473 0.22605567 0 0 0
 0.002 0.96622899 0.13142275 0.05892424 0 0 0
 0.002 0.27260282 0.93553321 0.11751021 0 0 0
 0.002 0.84673138 0.52918222 0.05350027 0 0 0
 0.002 0.18293025 0.05971333 0.83188806 0 0 0
 0.002 0.74205249 0.59152365 0.10603474 0 0 0
 0.002 0.06622474 0.29710845 0.02274800 0 0 0
 0.002 0.61466590 0.50400027 0.39002775 0 0 0
 0.002 0.82919896 0.31812382 0.26296878 0 0 0
 0.002 0.36946304 0.12849950 0.82608159 0 0 0
 0.002 0.06838554 0.93968392 0.10890972 0 0 0
 0.002 0.70520142 0.31212440 0.14722486 0 0 0
 0.002 0.56167086 0.03291817 0.41808640 0 0 0
 0.002 0.96090347 0.26475121 0.00374884 0 0 0
 0.002 0.41613314 0.12440623 0.70938208 0 0 0
 0.002 0.67487979 0.20074721 0.66319197 0 0 0
 0.002 0.83010987 0.37631148 0.22058179 0 0 0
 0.002 0.81074329 0.30095466 0.07855432 0 0 0
 0.002 0.92094899 0.37598176 0.07386499 0 0 0
 0.002 0.97296737 0.07553674 0.06640560 0 0 0
 0.002 0.67127283 0.60958868 0.28521302 0 0 0
 0.002 0.57941860 0.46058539 0.61259122 0 0 0
 0.002 0.23192015 0.68221229 0.11083418 0 0 0
 0.002 0.26402206 0.31696409 0.61835843 0 0 0
 0.002 0.30299240 0.39001778 0.13396365 0 0 0
 0.002 0.19087923 0.37066809 0.13061252 0 0 0
 0.002 0.85219726 0.34460991 0.34349427 0 0 0
 0.002 0.91690543 0.28534169 0.13230733 0 0 0
 0.002 0.72328864 0.55235495 0.26320824 0 0 0
 0.002 0.79757147 0.07974971 0.02389715 0 0 0
 0.002 0.87622762 0.45133381 0.02234361 0 0 0
 0.002 0.92811081 0.32772898 0.15145279 0 0 0
 0.002 0.78313032 0.00223696 0.18499961 0 0 0
 0.002 0.52028104 0.77865349 0.31591021 0 0 0
 0.002 0.47368969 0.54994457 0.36929832 0 0 0
 0.002 0.84379240 0.23814453 0.39823756 0 0 0
 0.002 0.54499665 0.00421268 0.31139769 0 0 0
 0.002 0.79557416 0.01588951 0.06953713 0 0 0
 0.002 0.16943302 0.92064822 0.15268671 0 0 0
 0.002 0.11673085 0.76902574 0.39968449 0 0 0
 0.002 0.99806471 0.00034069 0.02948156 0 0 0
 0.002 0.10140639 0.04144644 0.00118041 0 0 0
 0.002 0.16938140 0.40375871 0.52858426 0 0 0
 0.002 0.50650649 0.56214785 0.53715526 0 0 0
 0.002 0.20202676 0.57655466 0.54401650 0 0 0
 0.002 0.93563535 0.31444085 0.05164881 0 0 0
 0.002 0.86839144 0.18463912 0.03978630 0 0 0
 0.002 0.84469393 0.17053806 0.30865419 0 0 0
 0.002 0.45907847 0.64838986 0.43000169 0 0 0
 0.002 0.30061025 0.46715278 0.61723088 0 0 0
 0.002 0.25371433 0.06061549 0.11757771 0 0 0
 0.002 0.90701466 0.08172137 0.10562584 0 0 0
 0.002 0.38746560 0.74152815 0.52689628 0 0 0
 0.002 0.99008117 0.13802964 0.00650934 0 0 0
 0.002 0.53917565 0.26905883 0.61394180 0 0 0
 0.002 0.64207583 0.63422238 0.24020145 0 0 0
 0.002 0.30381904 0.84302872 0.02221008 0 0 0
 0.002 0.49506518 0.47603550 0.48172572 0 0 0
 0.002 0.37471733 0.42992788 0.28625263 0 0 0
 0.002 0.44069107 0.07358694 0.82134637 0 0 0
 0.002 0.58824488 0.20251500 0.76592101 0 0 0
 0.002 0.58213844 0.23946459 0.05657275 0 0 0
 0.002 0.85432740 0.31912974 0.07548605 0 0 0
 0.002 0.35461980 0.26989303 0.52253397 0 0 0
 0.002 0.04725146 0.36150254 0.01489850 0 0 0
 0.002 0.10965916 0.21290049 0.33034349 0 0 0
 0.002 0.71243597 0.69908613 0.04395454 0 0 0
 0.002 0.35698893 0.43879007 0.31736018 0 0 0
 0.002 0.55728081 0.42030239 0.59887331 0 0 0
 0.002 0.54435588 0.67028329 0.22854367 0 0 0
 0.002 0.47607013 0.13353269 0.23200400 0 0 0
 0.002 0.49957519 0.38702655 0.40257508 0 0 0
 0.002 0.37907838 0.62584893 0.62642676 0 0 0
 0.002 0.36703431 0.25822026 0.85460341 0 0 0
 0.002 0.78996743 0.29848488 0.38522938 0 0 0
 0.002 0.35053318 0.13373982 0.92163682 0 0 0
 0.002 0.96763194 0.04444311 0.05411540 0 0 0
 0.002 0.85533617 0.18647120 0.20236026 0 0 0
 0.002 0.16302909 0.65011023 0.18799499 0 0 0
 0.002 0.75616270 0.17789235 0.31719602 0 0 0
 0.002 0.59096276 0.46772609 0.36990307 0 0 0
 0.002 0.54710619 0.63087370 0.24479974 0 0 0
 0.002 0.38408464 0.62183017 0.43414166 0 0 0
 0.002 0.86265064 0.00215149 0.29134705 0 0 0
 0.002 0.62314905 0.51471435 0.25478779 0 0 0
 0.002 0.73830203 0.54417339 0.39601151 0 0 0
 0.002 0.74308224 0.19972719 0.52189846 0 0 0
 0.002 0.24939493 0.94723710 0.18024955 0 0 0
 0.002 0.96130852 0.19236193 0.01352930 0 0 0
 0.002 0.57355503 0.78953602 0.02546790 0 0 0
 0.002 0.33206334 0.93034729 0.11283518 0 0 0
 0.002 0.31668992 0.23337649 0.62680543 0 0 0
 0.002 0.29741879 0.74421419 0.11048216 0 0 0
 0.002 0.41002773 0.17993183 0.76798401 0 0 0
 0.002 0.33383257 0.50141071 0.54914633 0 0 0
 0.002 0.79758814 0.40298689 0.33519562 0 0 0
 0.002 0.30952018 0.65901912 0.34476798 0 0 0
 0.002 0.88798716 0.25730091 0.13555172 0 0 0
 0.002 0.98648477 0.11553437 0.08048932 0 0 0
 0.002 0.86646392 0.40731584 0.04168124 0 0 0
 0.002 0.86179299 0.11280458 0.05998814 0 0 0
 0.002 0.65255090 0.21610133 0.21236999 0 0 0
 0.002 0.26665136 0.47103401 0.45269810 0 0 0
 0.002 0.54826681 0.74283014 0.19671717 0 0 0
 0.002 0.62540035 0.42092098 0.34620079 0 0 0
 0.002 0.92851988 0.21914837 0.08089087 0 0 0
 0.002 0.56735252 0.58459794 0.56260291 0 0 0
 0.002 0.37779415 0.11395714 0.84450020 0 0 0
 0.002 0.87604723 0.38111659 0.06672280 0 0 0
 0.002 0.84527998 0.16448671 0.22325399 0 0 0
 0.002 0.34031206 0.44414022 0.55449929 0 0 0
 0.002 0.47406879 0.52480129 0.48512635 0 0 0
 0.002 0.51392395 0.11032580 0.78831750 0 0 0
 0.002 0.44124332 0.26289599 0.01608905 0 0 0
 0.002 0.44523445 0.89521068 0.00378441 0 0 0
 0.002 0.73108836 0.15828178 0.29632135 0 0 0
 0.002 0.28397325 0.56739396 0.23255880 0 0 0
 0.002 0.80470799 0.13803732 0.48810444 0 0 0
 0.002 0.47109412 0.03967549 0.13032223 0 0 0
 0.002 0.14408714 0.56602740 0.30504945 0 0 0
 0.002 0.19907819 0.13972502 0.95873263 0 0 0
 0.002 0.79163222 0.21495353 0.55729550 0 0 0
 0.002 0.82196276 0.07294740 0.17869737 0 0 0
 0.002 0.12297006 0.33683351 0.72415982 0 0 0
 0.002 0.00197138 0.16081044 0.36621211 0 0 0
 0.002 0.94669262 0.08249923 0.03796268 0 0 0
 0.002 0.01238652 0.84970865 0.50667937 0 0 0
 0.002 0.05695840 0.84414926 0.33252720 0 0 0
 0.002 0.36307959 0.34851756 0.06464309 0 0 0
 0.002 0.02994132 0.21904479 0.94882227 0 0 0
 0.002 0.39378868 0.40444611 0.37396782 0 0 0
 0.002 0.31470762 0.92790824 0.05594431 0 0 0
 0.002 0.49593127 0.14128272 0.19693527 0 0 0
 0.002 0.76492557 0.48168695 0.12831309 0 0 0
 0.002 0.75439672 0.57137318 0.07217425 0 0 0
 0.002 0.04535401 0.77670505 0.41522972 0 0 0
 0.002 0.12160769 0.88766625 0.24082089 0 0 0
 0.002 0.08349731 0.37072591 0.73834598 0 0 0
 0.002 0.30736986 0.28978483 0.10600127 0 0 0
 0.002 0.88699194 0.00307173 0.45408449 0 0 0
 0.002 0.83989498 0.33827468 0.30379928 0 0 0
 0.002 0.02384448 0.25621289 0.48877317 0 0 0
 0.002 0.72559283 0.66574450 0.13348512 0 0 0
 0.002 0.59179145 0.33971389 0.35314207 0 0 0
 0.002 0.14705801 0.10858188 0.77685146 0 0 0
 0.002 0.20458737 0.80496990 0.14836721 0 0 0
 0.002 0.25425675 0.74169387 0.32705779 0 0 0
 0.002 0.41923305 0.65088537 0.02027679 0 0 0
 0.002 0.75772631 0.63638177 0.04117611 0 0 0
 0.002 0.43272995 0.87424158 0.20049371 0 0 0
 0.002 0.07872148 0.78719422 0.32571201 0 0 0
 0.002 0.06345590 0.77306320 0.24592697 0 0 0
 0.002 0.40931505 0.33976406 0.69366293 0 0 0
 0.002 0.20413797 0.87836075 0.06633758 0 0 0
 0.002 0.43634302 0.74169925 0.37619573 0 0 0
 0.002 0.23309511 0.38528540 0.68344884 0 0 0
 0.002 0.53751981 0.23079567 0.05704626 0 0 0
 0.002 0.04910155 0.71038463 0.51878656 0 0 0
 0.002 0.44344961 0.07457844 0.04681710 0 0 0
 0.002 0.44542972 0.05712115 0.83835692 0 0 0
 0.002 0.90902054 0.06065972 0.22527614 0 0 0
 0.002 0.93284491 0.09939752 0.31056978 0 0 0
 0.002 0.62328567 0.18095749 0.03169244 0 0 0
 0.002 0.73536770 0.49090971 0.39241521 0 0 0
 0.002 0.69096541 0.58256152 0.28286442 0 0 0
 0.002 0.05963441 0.53899832 0.53200161 0 0 0
 0.002 0.16022149 0.02728797 0.38812356 0 0 0
 0.002 0.08132022 0.28360806 0.57700245 0 0 0
 0.002 0.24138772 0.80097415 0.38799203 0 0 0
 0.002 0.28284657 0.33659564 0.08877000 0 0 0
 0.002 0.62085529 0.50157017 0.35679064 0 0 0
 0.002 0.38541298 0.65818449 0.45445438 0 0 0
 0.002 0.63672377 0.03136697 0.44889595 0 0 0
 0.002 0.60090631 0.78039241 0.12414487 0 0 0
 0.002 0.23462242 0.21345031 0.29180900 0 0 0
 0.002 0.87627149 0.29217936 0.30484221 0 0 0
 0.002 0.14341336 0.86893066 0.24534941 0 0 0
 0.002 0.50661454 0.08437972 0.71196615 0 0 0
 0.002 0.96875988 0.22474660 0.06560268 0 0 0
 0.002 0.88900385 0.14181822 0.24130886 0 0 0
 0.002 0.64943121 0.73177194 0.16237905 0 0 0
 0.002 0.13797438 0.54933147 0.59881675 0 0 0
 0.002 0.54377431 0.33838830 0.19213503 0 0 0
 0.002 0.55823993 0.08739307 0.40074484 0 0 0
 0.002 0.78044843 0.22547328 0.57402695 0 0 0
 0.002 0.21908638 0.66262393 0.70658963 0 0 0
 0.002 0.07051213 0.05705493 0.16964874 0 0 0
 0.002 0.52640664 0.79176350 0.27269985 0 0 0
 0.002 0.48311495 0.74160295 0.08512936 0 0 0
 0.002 0.22503495 0.47096894 0.82535333 0 0 0
 0.002 0.01805276 0.04517047 0.88683876 0 0 0
 0.002 0.42159203 0.40653041 0.62475012 0 0 0
 0.002 0.98861271 0.00117957 0.01539927 0 0 0
 0.002 0.74786496 0.55790873 0.33386996 0 0 0
 0.002 0.73200006 0.58686735 0.32534490 0 0 0
 0.002 0.40429366 0.63681802 0.14421924 0 0 0
 0.002 0.72556454 0.66695624 0.15540110 0 0 0
 0.002 0.40977071 0.77802453 0.36877070 0 0 0
 0.002 0.70035937 0.30394912 0.40580866 0 0 0
 0.002 0.74752521 0.16767790 0.47975998 0 0 0
 0.002 0.32658509 0.17302325 0.08547040 0 0 0
 0.002 0.28399951 0.41403445 0.66545093 0 0 0
 0.002 0.57568592 0.50973139 0.21085503 0 0 0
 0.002 0.72304855 0.62323590 0.29240019 0 0 0
 0.002 0.79674104 0.14619676 0.32073065 0 0 0
 0.002 0.63536275 0.12999164 0.12277881 0 0 0
 0.002 0.07302455 0.73033613 0.48524050 0 0 0
 0.002 0.95218715 0.22956075 0.15364407 0 0 0
 0.002 0.84058929 0.29498876 0.31754160 0 0 0
 0.002 0.43986526 0.32105513 0.60541509 0 0 0
 0.002 0.28140908 0.16187461 0.00412264 0 0 0
 0.002 0.16056322 0.92276607 0.24761872 0 0 0
 0.002 0.23861677 0.34637937 0.76962355 0 0 0
 0.002 0.94714274 0.15629552 0.04619189 0 0 0
 0.002 0.08091217 0.52705885 0.09495416 0 0 0
 0.002 0.27220965 0.10467570 0.79251144 0 0 0
 0.002 0.27208333 0.47575355 0.54619499 0 0 0
 0.002 0.16771269 0.61663508 0.07710607 0 0 0
 0.002 0.28435704 0.07398070 0.94825395 0 0 0
 0.002 0.74365112 0.06923890 0.20670112 0 0 0
 0.002 0.43217457 0.71741553 0.20385490 0 0 0
 0.002 0.32934418 0.26472283 0.05175048 0 0 0
 0.002 0.31347332 0.58567864 0.21647899 0 0 0
 0.002 0.39327577 0.53187694 0.59981589 0 0 0
 0.002 0.57546300 0.10520884 0.30559881 0 0 0
 0.002 0.56891231 0.45092458 0.43471689 0 0 0
 0.002 0.57160883 0.51388808 0.31562917 0 0 0
 0.002 0.84042861 0.15723586 0.50045975 0 0 0
 0.002 0.35973720 0.86428806 0.34159899 0 0 0
 0.002 0.89360985 0.04077844 0.00933860 0 0 0
 0.002 0.78921376 0.26652997 0.10662953 0 0 0
 0.002 0.23577493 0.86291043 0.00898613 0 0 0
 0.002 0.20627521 0.90590616 0.35256813 0 0 0
 0.002 0.60551998 0.02861545 0.09692035 0 0 0
 0.002 0.02503909 0.05230006 0.98095961 0 0 0
 0.002 0.86390061 0.48183338 0.07248939 0 0 0
 0.002 0.10274335 0.82342387 0.31590814 0 0 0
 0.002 0.44891395 0.55946687 0.26938868 0 0 0
 0.002 0.74313029 0.23874432 0.39228321 0 0 0
 0.002 0.24733835 0.21567190 0.61183917 0 0 0
 0.002 0.75170159 0.39105155 0.41494708 0 0 0
 0.002 0.80422190 0.08238765 0.52870131 0 0 0
 0.002 0.59029417 0.18822352 0.13899450 0 0 0
 0.002 0.19496983 0.42645168 0.74585168 0 0 0
 0.002 0.17678320 0.36270782 0.68589526 0 0 0
 0.002 0.01323949 0.63942633 0.38615113 0 0 0
 0.002 0.01373806 0.03753109 0.34005518 0 0 0
 0.002 0.26046628 0.46204737 0.35953135 0 0 0
 0.002 0.35896419 0.12418245 0.55916759 0 0 0
 0.002 0.46727056 0.12018710 0.24365164 0 0 0
 0.002 0.90652878 0.23163917 0.19803408 0 0 0
 0.002 0.03145425 0.61958426 0.61839868 0 0 0
 0.002 0.44424266 0.27736823 0.05166148 0 0 0
 0.002 0.71420750 0.58516485 0.13970030 0 0 0
 0.002 0.84540212 0.31849543 0.16870937 0 0 0
 0.002 0.99084710 0.12836482 0.03066223 0 0 0
 0.002 0.78114101 0.19346722 0.52651234 0 0 0
 0.002 0.08135255 0.14800075 0.16943082 0 0 0
 0.002 0.53074541 0.44684759 0.28228736 0 0 0
 0.002 0.36396039 0.01331386 0.80396086 0 0 0
 0.002 0.16178574 0.78276598 0.07153292 0 0 0
 0.002 0.90237668 0.25772957 0.04082020 0 0 0
 0.002 0.57539364 0.80901124 0.00152590 0 0 0
 0.002 0.71731454 0.10181088 0.63194711 0 0 0
 0.002 0.36671483 0.91797349 0.13808728 0 0 0
 0.002 0.56311849 0.68039956 0.05746203 0 0 0
 0.002 0.55320363 0.37098466 0.00954713 0 0 0
 0.002 0.19862470 0.22505482 0.39509804 0 0 0
 0.002 0.42274897 0.34768387 0.07573299 0 0 0
 0.002 0.81438930 0.40536954 0.08241170 0 0 0
 0.002 0.22566915 0.18752351 0.86069683 0 0 0
 0.002 0.01530165 0.99651986 0.07147141 0 0 0
 0.002 0.29901195 0.53109288 0.36740345 0 0 0
 0.002 0.39481833 0.21031641 0.82063617 0 0 0
 0.002 0.98692958 0.13292179 0.04084357 0 0 0
 0.002 0.72868112 0.34696790 0.11890149 0 0 0
 0.002 0.03421609 0.07608862 0.25021145 0 0 0
 0.002 0.24133134 0.42680666 0.32471454 0 0 0
 0.002 0.99132805 0.12002890 0.00462244 0 0 0
 0.002 0.78148027 0.34583361 0.22833507 0 0 0
 0.002 0.18194369 0.69313563 0.54155908 0 0 0
 0.002 0.70238736 0.55606390 0.24998062 0 0 0
 0.002 0.18817896 0.97591295 0.00656380 0 0 0
 0.002 0.91135816 0.26850326 0.09042947 0 0 0
 0.002 0.75658426 0.52222141 0.14682940 0 0 0
 0.002 0.39772603 0.08628895 0.41275292 0 0 0
 0.002 0.66640721 0.74186186 0.04132835 0 0 0
 0.002 0.31199803 0.65536839 0.05221160 0 0 0
 0.002 0.01478779 0.64151425 0.56524048 0 0 0
 0.002 0.93455925 0.10743681 0.26549890 0 0 0
 0.002 0.76368593 0.29237304 0.45416014 0 0 0
 0.002 0.10079307 0.08209326 0.08965979 0 0 0
 0.002 0.90230754 0.11978549 0.01351627 0 0 0
 0.002 0.61366461 0.52877351 0.58171177 0 0 0
 0.002 0.97275637 0.10759190 0.15219969 0 0 0
 0.002 0.80472116 0.24486309 0.29808502 0 0 0
 0.002 0.26403383 0.88907380 0.05204918 0 0 0
 0.002 0.82213861 0.22571231 0.36464322 0 0 0
 0.002 0.97563959 0.14530406 0.15470885 0 0 0
 0.002 0.84457962 0.49711899 0.11129945 0 0 0
 0.002 0.29167993 0.85142224 0.14387652 0 0 0
 0.002 0.09229297 0.39337233 0.60111529 0 0 0
 0.002 0.47142294 0.31636945 0.67233271 0 0 0
 0.002 0.85335859 0.45647354 0.10879992 0 0 0
 0.002 0.24463560 0.12706090 0.35700998 0 0 0
 0.002 0.92107239 0.38609556 0.01691985 0 0 0
 0.002 0.30026243 0.19493170 0.02367716 0 0 0
 0.002 0.29956125 0.13691137 0.43026592 0 0 0
 0.002 0.31701517 0.84982518 0.00363758 0 0 0
 0.002 0.81467304 0.15972254 0.24035272 0 0 0
 0.002 0.65064398 0.60776013 0.43676810 0 0 0
 0.002 0.15755151 0.03302894 0.21949287 0 0 0
 0.002 0.00660442 0.49429252 0.12896498 0 0 0
 0.002 0.00285363 0.11579121 0.89392642 0 0 0
 0.002 0.76893041 0.25424597 0.37145274 0 0 0
 0.002 0.80250813 0.49292048 0.31946647 0 0 0
 0.002 0.89171181 0.22348711 0.04138309 0 0 0
 0.002 0.98400445 0.11541458 0.10016333 0 0 0
 0.002 0.67832044 0.59608041 0.21740221 0 0 0
 0.002 0.98780873 0.03200356 0.10207941 0 0 0
 0.002 0.22040437 0.62363171 0.32982012 0 0 0
 0.002 0.50314820 0.29208754 0.31705484 0 0 0
 0.002 0.29325710 0.20910031 0.46072774 0 0 0
 0.002 0.86644689 0.19424777 0.27768358 0 0 0
 0.002 0.84440313 0.17894472 0.24066493 0 0 0
 0.002 0.01918697 0.42674117 0.16993503 0 0 0
 0.002 0.72228539 0.42944777 0.09922210 0 0 0
 0.002 0.47026915 0.35106458 0.26849690 0 0 0
 0.002 0.09410508 0.57541712 0.38593040 0 0 0
 0.002 0.22111950 0.66728371 0.04881173 0 0 0
 0.002 0.15391630 0.80017496 0.34653307 0 0 0
 0.002 0.63303091 0.22205232 0.13994934 0 0 0
 0.002 0.20270174 0.82126840 0.17926730 0 0 0
 0.002 0.77656679 0.20935668 0.05879161 0 0 0
 0.002 0.62862779 0.59504152 0.35904109 0 0 0
 0.002 0.59077462 0.70809162 0.35062023 0 0 0
 0.002 0.73029938 0.04035771 0.56733045 0 0 0
 0.002 0.25865183 0.36331720 0.09592671 0 0 0
 0.002 0.23119007 0.24104683 0.87513018 0 0 0
 0.002 0.38229438 0.12654838 0.39710756 0 0 0
 0.002 0.38835583 0.16888329 0.75741770 0 0 0
 0.002 0.14330489 0.43147160 0.54205006 0 0 0
 0.002 0.78751375 0.45519717 0.25381398 0 0 0
 0.002 0.18977231 0.35353725 0.42826498 0 0 0
 0.002 0.74781152 0.26668871 0.10621666 0 0 0
 0.002 0.79733148 0.56926659 0.19473101 0 0 0
 0.002 0.91189395 0.30567889 0.12196077 0 0 0
 0.002 0.87558905 0.44419175 0.03944790 0 0 0
 0.002 0.34571608 0.61679879 0.34657532 0 0 0
 0.002 0.44875749 0.27337940 0.59837369 0 0 0
 0.002 0.44339239 0.26646772 0.02524003 0 0 0
 0.002 0.62213364 0.38048947 0.21860452 0 0 0
 0.002 0.77130310 0.20966470 0.47707989 0 0 0
 0.002 0.00599406 0.11475260 0.07622253 0 0 0
 0.002 0.60032602 0.22151197 0.13475419 0 0 0
 0.002 0.97790936 0.14718900 0.06915906 0 0 0
 0.002 0.49225886 0.79505780 0.16001774 0 0 0
 0.002 0.02942278 0.48261182 0.12209591 0 0 0
 0.002 0.12796982 0.55111973 0.45836431 0 0 0
