     0.10000      0.06675      0.00000      0.00000      9.65412      0.00000      0.00000 
     0.11000     -0.32563      0.00000      0.00000     14.12021      0.00000      0.00000 
     0.12000     -0.71797      0.00000      0.00000     18.58627      0.00000      0.00000 
     0.13000     -1.11028      0.00000      0.00000     23.05229      0.00000      0.00000 
     0.14000     -1.50257      0.00000      0.00000     27.51830      0.00000      0.00000 
     0.15000     -1.89485      0.00000      0.00000     31.98429      0.00000      0.00000 
     0.16000     -2.28712      0.00000      0.00000     36.45028      0.00000      0.00000 
     0.17000     -2.67938      0.00000      0.00000     40.91626      0.00000      0.00000 
     0.18000     -3.07164      0.00000      0.00000     45.38223      0.00000      0.00000 
     0.19000     -3.46389      0.00000      0.00000     49.84820      0.00000      0.00000 
     0.20000     -3.85614      0.00000      0.00000     54.31417      0.00000      0.00000 
     0.21000     -4.24839      0.00000      0.00000     58.78013      0.00000      0.00000 
     0.22000     -4.64064      0.00000      0.00000     63.24609      0.00000      0.00000 
     0.23000     -5.03288      0.00000      0.00000     67.71205      0.00000      0.00000 
     0.24000     -5.42512      0.00000      0.00000     72.17801      0.00000      0.00000 
     0.25000     -5.81736      0.00000      0.00000     76.64397      0.00000      0.00000 
     0.26000     -6.20960      0.00000      0.00000     81.10992      0.00000      0.00000 
     0.27000     -6.60183      0.00000      0.00000     85.57587      0.00000      0.00000 
     0.28000     -6.99407      0.00000      0.00000     90.04182      0.00000      0.00000 
     0.29000     -7.38630      0.00000      0.00000     94.50778      0.00000      0.00000 
     0.30000     -7.77853      0.00000      0.00000     98.97373      0.00000      0.00000 
     0.31000     -8.17077      0.00000      0.00000    103.43967      0.00000      0.00000 
     0.32000     -8.56300      0.00000      0.00000    107.90562      0.00000      0.00000 
     0.33000     -8.95523      0.00000      0.00000    112.37157      0.00000      0.00000 
     0.34000     -9.34746      0.00000      0.00000    116.83752      0.00000      0.00000 
     0.35000     -9.73969      0.00000      0.00000    121.30346      0.00000      0.00000 
     0.36000    -10.13192      0.00000      0.00000    125.76941      0.00000      0.00000 
     0.37000    -10.52415      0.00000      0.00000    130.23535      0.00000      0.00000 
     0.38000    -10.91637      0.00000      0.00000    134.70130      0.00000      0.00000 
     0.39000    -11.30860      0.00000      0.00000    139.16724      0.00000      0.00000 
     0.40000    -11.70083      0.00000      0.00000    143.63318      0.00000      0.00000 
     0.41000    -12.09306      0.00000      0.00000    148.09913      0.00000      0.00000 
     0.42000    -12.48528      0.00000      0.00000    152.56507      0.00000      0.00000 
     0.43000    -12.87751      0.00000      0.00000    157.03101      0.00000      0.00000 
     0.44000    -13.26973      0.00000      0.00000    161.49695      0.00000      0.00000 
     0.45000    -13.66196      0.00000      0.00000    165.96289      0.00000      0.00000 
     0.46000    -14.05418      0.00000      0.00000    170.42883      0.00000      0.00000 
     0.47000    -14.44641      0.00000      0.00000    174.89478      0.00000      0.00000 
     0.48000    -14.83863      0.00000      0.00000    179.36072      0.00000      0.00000 
     0.49000    -15.23086      0.00000      0.00000    183.82666      0.00000      0.00000 
     0.50000    -15.62308      0.00000      0.00000    188.29260      0.00000      0.00000 
     0.51000    -16.01530      0.00000      0.00000    192.75854      0.00000      0.00000 
     0.52000    -16.40753      0.00000      0.00000    197.22448      0.00000      0.00000 
     0.53000    -16.79975      0.00000      0.00000    201.69042      0.00000      0.00000 
     0.54000    -17.19197      0.00000      0.00000    206.15635      0.00000      0.00000 
     0.55000    -17.58419      0.00000      0.00000    210.62229      0.00000      0.00000 
     0.56000    -17.97642      0.00000      0.00000    215.08823      0.00000      0.00000 
     0.57000    -18.36864      0.00000      0.00000    219.55417      0.00000      0.00000 
     0.58000    -18.76086      0.00000      0.00000    224.02011      0.00000      0.00000 
     0.59000    -19.15308      0.00000      0.00000    228.48605      0.00000      0.00000 
     0.60000    -19.54530      0.00000      0.00000    232.95199      0.00000      0.00000 
     0.61000    -19.93753      0.00000      0.00000    237.41792      0.00000      0.00000 
     0.62000    -20.32975      0.00000      0.00000    241.88386      0.00000      0.00000 
     0.63000    -20.72197      0.00000      0.00000    246.34980      0.00000      0.00000 
     0.64000    -21.11419      0.00000      0.00000    250.81574      0.00000      0.00000 
     0.65000    -21.50641      0.00000      0.00000    255.28167      0.00000      0.00000 
     0.66000    -21.89863      0.00000      0.00000    259.74761      0.00000      0.00000 
     0.67000    -22.29085      0.00000      0.00000    264.21355      0.00000      0.00000 
     0.68000    -22.68307      0.00000      0.00000    268.67949      0.00000      0.00000 
     0.69000    -23.07529      0.00000      0.00000    273.14542      0.00000      0.00000 
     0.70000    -23.46751      0.00000      0.00000    277.61136      0.00000      0.00000 
     0.71000    -23.85973      0.00000      0.00000    282.07730      0.00000      0.00000 
     0.72000    -24.25195      0.00000      0.00000    286.54323      0.00000      0.00000 
     0.73000    -24.64417      0.00000      0.00000    291.00917      0.00000      0.00000 
     0.74000    -25.03639      0.00000      0.00000    295.47510      0.00000      0.00000 
     0.75000    -25.42861      0.00000      0.00000    299.94104      0.00000      0.00000 
     0.76000    -25.82083      0.00000      0.00000    304.40698      0.00000      0.00000 
     0.77000    -26.21305      0.00000      0.00000    308.87291      0.00000      0.00000 
     0.78000    -26.60527      0.00000      0.00000    313.33885      0.00000      0.00000 
     0.79000    -26.99749      0.00000      0.00000    317.80478      0.00000      0.00000 
     0.80000    -27.38971      0.00000      0.00000    322.27072      0.00000      0.00000 
     0.81000    -27.78193      0.00000      0.00000    326.73666      0.00000      0.00000 
     0.82000    -28.17415      0.00000      0.00000    331.20259      0.00000      0.00000 
     0.83000    -28.56637      0.00000      0.00000    335.66853      0.00000      0.00000 
     0.84000    -28.95859      0.00000      0.00000    340.13446      0.00000      0.00000 
     0.85000    -29.35081      0.00000      0.00000    344.60040      0.00000      0.00000 
     0.86000    -29.74303      0.00000      0.00000    349.06633      0.00000      0.00000 
     0.87000    -30.13525      0.00000      0.00000    353.53227      0.00000      0.00000 
     0.88000    -30.52747      0.00000      0.00000    357.99820      0.00000      0.00000 
     0.89000    -30.91968      0.00000      0.00000    362.46414      0.00000      0.00000 
     0.90000    -31.31190      0.00000      0.00000    366.93007      0.00000      0.00000 
     0.91000    -31.70412      0.00000      0.00000    371.39601      0.00000      0.00000 
     0.92000    -32.09634      0.00000      0.00000    375.86194      0.00000      0.00000 
     0.93000    -32.48856      0.00000      0.00000    380.32788      0.00000      0.00000 
     0.94000    -32.88078      0.00000      0.00000    384.79381      0.00000      0.00000 
     0.95000    -33.27300      0.00000      0.00000    389.25975      0.00000      0.00000 
     0.96000    -33.66521      0.00000      0.00000    393.72568      0.00000      0.00000 
     0.97000    -34.05743      0.00000      0.00000    398.19162      0.00000      0.00000 
     0.98000    -34.44965      0.00000      0.00000    402.65755      0.00000      0.00000 
     0.99000    -34.84187      0.00000      0.00000    407.12349      0.00000      0.00000 
     1.00000    -35.23409      0.00000      0.00000    411.58942      0.00000      0.00000 
